Plot1:
N 47°08'20,8'' E 10°39'12,5''
Lat: 47.13911111111111
Long: 10.653472222222222
2057 m
X(Easting): 625378
Y(Northing): 5221949
Zone: 32

Plot2:
N 47°08'28,3'' E 10°39'24,3''
Lat: 47.141194444444444
Long: 10.65675
2189 m
X(Easting): 625622
Y(Northing): 5222186
Zone: 32

Plot3:
N 47°08'37,9'' E 10°39'30,8''
Lat: 47.14386111111111
Long: 10.658555555555555
2343 m
X(Easting): 625753
Y(Northing): 5222486
Zone: 32

Plot 4:
N 47°08'50,8'' E 10°39'36,2''
Lat: 47.147444444444446
Long: 10.660055555555555
2496 m
X(Easting): 625858
Y(Northing): 5222886
Zone: 32
